4294967278,391
4294967279,452
4294967279,451
4294967279,450
44,5
44,4
44,3
44,2
44,1
4294967294,430
43,5
43,4
43,3
43,2
43,1
4294967279,449
42,5
42,4
42,3
42,2
42,1
4294967279,448
4294967278,390
4294967278,389
4294967279,447
4294967278,388
4294967279,446
4294967278,387
4294967278,386
4294967279,445
4294967278,385
4294967278,384
4294967279,444
4294967279,443
41,5
41,4
41,3
41,2
41,1
4294967278,383
4294967279,442
40,4
40,3
40,2
40,1
39,5
39,4
39,3
39,2
39,1
38,4
38,3
38,2
38,1
4294967278,382
4294967279,441
4294967278,381
37,5
37,4
37,3
37,2
37,1
36,4
36,3
36,2
36,1
4294967279,440
4294967278,380
4294967279,439
35,5
35,4
35,3
35,2
35,1
34,4
34,3
34,2
34,1
4294967279,438
4294967279,437
4294967278,379
4294967278,378
4294967278,377
33,5
4294967279,436
33,4
33,3
33,2
33,1
4294967278,376
4294967279,435
4294967279,434
4294967278,375
4294967279,433
32,4
4294967278,374
32,3
32,2
32,1
4294967278,373
4294967278,372
4294967278,371
4294967279,432
4294967278,370
31,5
31,4
31,3
31,2
31,1
4294967278,369
30,4
30,3
30,2
30,1
29,5
29,4
29,3
29,2
29,1
28,4
28,3
28,2
28,1
4294967278,368
4294967279,431
4294967279,430
4294967278,367
4294967279,429
4294967278,366
4294967279,428
4294967278,365
4294967278,364
4294967279,427
4294967278,363
4294967278,362
4294967279,426
4294967279,425
4294967278,361
27,4
27,3
27,2
27,1
4294967278,360
4294967278,359
4294967278,358
4294967293,131
4294967293,130
4294967293,129
4294967293,128
4294967293,127
4294967293,126
4294967293,125
4294967293,124
4294967293,123
4294967293,122
4294967293,121
4294967293,120
4294967293,119
4294967293,118
4294967293,117
4294967293,116
4294967293,115
4294967293,114
4294967293,113
4294967293,112
4294967293,111
4294967293,110
4294967293,109
4294967293,108
4294967293,107
4294967293,106
4294967293,105
4294967293,104
4294967293,103
4294967293,102
4294967293,101
4294967293,100
4294967293,99
4294967293,98
4294967293,97
4294967293,96
4294967293,95
4294967293,94
4294967293,93
4294967293,92
4294967293,91
4294967293,90
4294967293,89
4294967293,88
4294967293,87
4294967293,86
4294967293,85
4294967293,84
4294967293,83
4294967293,82
4294967293,81
4294967293,80
4294967293,79
4294967293,78
4294967293,77
4294967293,76
4294967293,75
4294967293,74
4294967293,73
4294967293,72
4294967293,71
4294967293,70
4294967293,69
4294967293,68
4294967293,67
4294967293,66
4294967293,65
4294967293,64
4294967293,63
4294967293,62
4294967293,61
4294967293,60
4294967293,59
4294967293,58
4294967293,57
4294967293,56
4294967293,55
4294967293,54
4294967293,53
4294967293,52
4294967293,51
4294967293,50
4294967293,49
4294967293,48
4294967293,47
4294967293,46
4294967293,45
4294967293,44
4294967293,43
4294967293,42
4294967293,41
4294967293,40
4294967293,39
4294967293,38
4294967293,37
4294967293,36
4294967293,35
4294967293,34
4294967293,33
4294967293,32
4294967293,31
4294967293,30
4294967293,29
4294967293,28
4294967293,27
4294967293,26
4294967293,25
4294967293,24
4294967293,23
4294967293,22
4294967293,21
4294967293,20
4294967293,19
4294967293,18
4294967293,17
4294967293,16
4294967293,15
4294967293,14
4294967293,13
4294967293,12
4294967293,11
4294967293,10
4294967293,9
4294967293,8
4294967293,7
4294967293,6
4294967293,5
4294967293,4
4294967293,3
4294967293,2
4243767290,0
4243767289,0
4243767288,0
4243767287,0
4243767286,0
4243767285,0
4243767284,0
4243767283,0
4243767282,0
4243767281,0
4294967293,0
4294967279,418
4294967279,419
4294967279,317
4294967279,75
4294967279,190
4294967279,191
4294967279,318
4294967279,192
4294967279,76
4294967279,77
4294967279,78
4294967279,193
4294967279,319
4294967279,196
4294967279,79
4294967279,194
4294967279,195
4294967279,80
4294967279,81
4294967279,82
4294967279,420
4294967279,199
4294967279,198
4294967279,197
4294967279,384
4294967279,83
4294967279,84
4294967279,85
4294967279,200
4294967279,201
4294967279,386
4294967279,385
4294967279,86
4294967279,87
4294967279,203
4294967279,387
4294967279,202
4294967279,89
4294967279,90
4294967279,388
4294967279,204
4294967279,421
4294967279,423
4294967279,91
4294967279,205
4294967279,206
4294967279,207
